areaName,date,newDeaths28DaysByDeathDate,cumDeaths28DaysByDeathDate
United Kingdom,31-12-2020,750,76368
United Kingdom,30-12-2020,718,75618
United Kingdom,29-12-2020,662,74900
United Kingdom,28-12-2020,676,74238
United Kingdom,27-12-2020,,
United Kingdom,26-12-2020,653,72916
United Kingdom,25-12-2020,609,72263
United Kingdom,24-12-2020,582,71654
United Kingdom,23-12-2020,564,71072
United Kingdom,22-12-2020,563,70508
United Kingdom,21-12-2020,576,69945
United Kingdom,20-12-2020,,
United Kingdom,19-12-2020,487,68866
United Kingdom,18-12-2020,515,68379
United Kingdom,17-12-2020,537,67864
United Kingdom,16-12-2020,434,67327
United Kingdom,15-12-2020,454,66893
United Kingdom,14-12-2020,479,66439
United Kingdom,13-12-2020,,
United Kingdom,12-12-2020,436,65541
United Kingdom,11-12-2020,451,65105
United Kingdom,10-12-2020,445,64654
United Kingdom,09-12-2020,431,64209
United Kingdom,08-12-2020,434,63778
United Kingdom,07-12-2020,422,63344
United Kingdom,06-12-2020,418,62922
United Kingdom,05-12-2020,396,62504
United Kingdom,04-12-2020,,62108
United Kingdom,03-12-2020,474,61636
United Kingdom,02-12-2020,386,61162
United Kingdom,01-12-2020,400,60776
United Kingdom,30-11-2020,423,60376
United Kingdom,29-11-2020,463,59953
United Kingdom,28-11-2020,467,59490
United Kingdom,27-11-2020,422,59023
United Kingdom,26-11-2020,433,58601
United Kingdom,25-11-2020,483,58168
United Kingdom,24-11-2020,459,57685
United Kingdom,23-11-2020,465,57226
United Kingdom,22-11-2020,476,56761
United Kingdom,21-11-2020,464,56285
United Kingdom,20-11-2020,,55821
United Kingdom,19-11-2020,462,55369
United Kingdom,18-11-2020,486,54907
United Kingdom,17-11-2020,440,54421
United Kingdom,16-11-2020,423,53981
United Kingdom,15-11-2020,453,53558
United Kingdom,14-11-2020,430,53105
United Kingdom,13-11-2020,,
United Kingdom,12-11-2020,421,52240
United Kingdom,11-11-2020,389,51819
United Kingdom,10-11-2020,389,51430
United Kingdom,09-11-2020,481,51041
United Kingdom,08-11-2020,414,50560
United Kingdom,07-11-2020,391,50146
United Kingdom,06-11-2020,400,49755
United Kingdom,05-11-2020,380,49355
United Kingdom,04-11-2020,328,48975
United Kingdom,03-11-2020,360,48647
United Kingdom,02-11-2020,334,48287
United Kingdom,01-11-2020,358,47953
United Kingdom,31-10-2020,320,47595
United Kingdom,30-10-2020,338,47275
United Kingdom,29-10-2020,,
United Kingdom,28-10-2020,286,46626
United Kingdom,27-10-2020,267,46340
United Kingdom,26-10-2020,278,46073
United Kingdom,25-10-2020,249,45795
United Kingdom,24-10-2020,214,45546
United Kingdom,23-10-2020,222,45332
United Kingdom,22-10-2020,235,45110
United Kingdom,21-10-2020,221,44875
United Kingdom,20-10-2020,195,44654
United Kingdom,19-10-2020,191,44459
United Kingdom,18-10-2020,,44268
United Kingdom,17-10-2020,177,44109
United Kingdom,16-10-2020,150,43932
United Kingdom,15-10-2020,151,43782
United Kingdom,14-10-2020,117,43631
United Kingdom,13-10-2020,109,43514
United Kingdom,12-10-2020,113,43405
United Kingdom,11-10-2020,122,43292
United Kingdom,10-10-2020,104,43170
United Kingdom,09-10-2020,79,43066
United Kingdom,08-10-2020,92,42987
United Kingdom,07-10-2020,102,42895
United Kingdom,06-10-2020,71,42793
United Kingdom,05-10-2020,72,42722
United Kingdom,04-10-2020,60,42650
United Kingdom,03-10-2020,67,42590
United Kingdom,02-10-2020,68,42523
United Kingdom,01-10-2020,67,42455
United Kingdom,30-09-2020,57,42388
United Kingdom,29-09-2020,48,42331
United Kingdom,28-09-2020,,
United Kingdom,27-09-2020,47,42229
United Kingdom,26-09-2020,39,42182
United Kingdom,25-09-2020,32,42143
United Kingdom,24-09-2020,35,42111
United Kingdom,23-09-2020,56,42076
United Kingdom,22-09-2020,39,42020
United Kingdom,21-09-2020,27,41981
United Kingdom,20-09-2020,31,41954
United Kingdom,19-09-2020,20,41923
United Kingdom,18-09-2020,24,41903
United Kingdom,17-09-2020,27,41879
United Kingdom,16-09-2020,26,41852
United Kingdom,15-09-2020,18,41826
United Kingdom,14-09-2020,21,41808
United Kingdom,13-09-2020,16,41787
United Kingdom,12-09-2020,18,41771
United Kingdom,11-09-2020,13,41753
United Kingdom,10-09-2020,13,41740
United Kingdom,09-09-2020,9,41727
United Kingdom,08-09-2020,9,41718
United Kingdom,07-09-2020,15,41709
United Kingdom,06-09-2020,8,41694
United Kingdom,05-09-2020,13,41686
United Kingdom,04-09-2020,7,41673
United Kingdom,03-09-2020,10,41666
United Kingdom,02-09-2020,9,41656
United Kingdom,01-09-2020,3,41647
United Kingdom,31-08-2020,9,41644
United Kingdom,30-08-2020,6,41635
United Kingdom,29-08-2020,5,41629
United Kingdom,28-08-2020,10,41624
United Kingdom,27-08-2020,8,41614
United Kingdom,26-08-2020,11,41606
United Kingdom,25-08-2020,12,41595
United Kingdom,24-08-2020,6,41583
United Kingdom,23-08-2020,14,41577
United Kingdom,22-08-2020,8,41563
United Kingdom,21-08-2020,7,41555
United Kingdom,20-08-2020,8,41548
United Kingdom,19-08-2020,3,41540
United Kingdom,18-08-2020,9,41537
United Kingdom,17-08-2020,12,41528
United Kingdom,16-08-2020,4,41516
United Kingdom,15-08-2020,12,41512
United Kingdom,14-08-2020,7,41500
United Kingdom,13-08-2020,9,41493
United Kingdom,12-08-2020,7,41484
United Kingdom,11-08-2020,10,41477
United Kingdom,10-08-2020,13,41467
United Kingdom,09-08-2020,8,41454
United Kingdom,08-08-2020,,
United Kingdom,07-08-2020,12,41432
United Kingdom,06-08-2020,9,41420
United Kingdom,05-08-2020,6,41411
United Kingdom,04-08-2020,14,41405
United Kingdom,03-08-2020,15,41391
United Kingdom,02-08-2020,10,41376
United Kingdom,01-08-2020,11,41366
United Kingdom,31-07-2020,14,41355
United Kingdom,30-07-2020,10,41341
United Kingdom,29-07-2020,12,41331
United Kingdom,28-07-2020,12,41319
United Kingdom,27-07-2020,11,41307
United Kingdom,26-07-2020,16,41296
United Kingdom,25-07-2020,16,41280
United Kingdom,24-07-2020,7,
United Kingdom,23-07-2020,16,41257
United Kingdom,22-07-2020,17,41241
United Kingdom,21-07-2020,20,41224
United Kingdom,20-07-2020,12,41204
United Kingdom,19-07-2020,14,41192
United Kingdom,18-07-2020,14,41178
United Kingdom,17-07-2020,18,41164
United Kingdom,16-07-2020,13,41146
United Kingdom,15-07-2020,20,41133
United Kingdom,14-07-2020,21,41113
United Kingdom,13-07-2020,24,41092
United Kingdom,12-07-2020,13,41068
United Kingdom,11-07-2020,21,41055
United Kingdom,10-07-2020,21,41034
United Kingdom,09-07-2020,37,41013
United Kingdom,08-07-2020,24,40976
United Kingdom,07-07-2020,27,40952
United Kingdom,06-07-2020,35,40925
United Kingdom,05-07-2020,27,40890
United Kingdom,04-07-2020,33,40863
United Kingdom,03-07-2020,29,40830
United Kingdom,02-07-2020,43,40801
United Kingdom,01-07-2020,27,40758
United Kingdom,30-06-2020,47,40731
United Kingdom,29-06-2020,39,40684
United Kingdom,28-06-2020,45,40645
United Kingdom,27-06-2020,49,40600
United Kingdom,26-06-2020,41,40551
United Kingdom,25-06-2020,68,40510
United Kingdom,24-06-2020,75,40442
United Kingdom,23-06-2020,64,40367
United Kingdom,22-06-2020,64,40303
United Kingdom,21-06-2020,54,40239
United Kingdom,20-06-2020,60,40185
United Kingdom,19-06-2020,52,40125
United Kingdom,18-06-2020,61,40073
United Kingdom,17-06-2020,58,40012
United Kingdom,16-06-2020,84,39954
United Kingdom,15-06-2020,70,39870
United Kingdom,14-06-2020,86,39800
United Kingdom,13-06-2020,62,39714
United Kingdom,12-06-2020,80,39652
United Kingdom,11-06-2020,80,39572
United Kingdom,10-06-2020,109,39492
United Kingdom,09-06-2020,90,39383
United Kingdom,08-06-2020,124,39293
United Kingdom,07-06-2020,127,39169
United Kingdom,06-06-2020,111,39042
United Kingdom,05-06-2020,123,38931
United Kingdom,04-06-2020,135,38808
United Kingdom,03-06-2020,155,38673
United Kingdom,02-06-2020,169,38518
United Kingdom,01-06-2020,135,38349
United Kingdom,31-05-2020,126,38214
United Kingdom,30-05-2020,163,38088
United Kingdom,29-05-2020,186,37925
United Kingdom,28-05-2020,217,37739
United Kingdom,27-05-2020,196,37522
United Kingdom,26-05-2020,212,37326
United Kingdom,25-05-2020,201,37114
United Kingdom,24-05-2020,196,36913
United Kingdom,23-05-2020,220,36717
United Kingdom,22-05-2020,223,36497
United Kingdom,21-05-2020,238,36274
United Kingdom,20-05-2020,268,36036
United Kingdom,19-05-2020,275,35768
United Kingdom,18-05-2020,293,35493
United Kingdom,17-05-2020,267,35200
United Kingdom,16-05-2020,,
United Kingdom,15-05-2020,314,34619
United Kingdom,14-05-2020,334,34305
United Kingdom,13-05-2020,317,33971
United Kingdom,12-05-2020,321,33654
United Kingdom,11-05-2020,309,33333
United Kingdom,10-05-2020,348,33024
United Kingdom,09-05-2020,378,32676
United Kingdom,08-05-2020,383,32298
United Kingdom,07-05-2020,461,31915
United Kingdom,06-05-2020,461,31454
United Kingdom,05-05-2020,464,30993
United Kingdom,04-05-2020,484,30529
United Kingdom,03-05-2020,450,30045
United Kingdom,02-05-2020,494,29595
United Kingdom,01-05-2020,568,29101
United Kingdom,30-04-2020,551,28533
United Kingdom,29-04-2020,571,27982
United Kingdom,28-04-2020,561,27411
United Kingdom,27-04-2020,595,26850
United Kingdom,26-04-2020,633,26255
United Kingdom,25-04-2020,647,25622
United Kingdom,24-04-2020,683,24975
United Kingdom,23-04-2020,676,24292
United Kingdom,22-04-2020,731,23616
United Kingdom,21-04-2020,744,22885
United Kingdom,20-04-2020,783,22141
United Kingdom,19-04-2020,768,21358
United Kingdom,18-04-2020,800,20590
United Kingdom,17-04-2020,819,19790
United Kingdom,16-04-2020,842,18971
United Kingdom,15-04-2020,881,18129
United Kingdom,14-04-2020,859,17248
United Kingdom,13-04-2020,895,16389
United Kingdom,12-04-2020,958,15494
United Kingdom,11-04-2020,955,14536
United Kingdom,10-04-2020,944,13581
United Kingdom,09-04-2020,1000,12637
United Kingdom,08-04-2020,1074,11637
United Kingdom,07-04-2020,1002,10563
United Kingdom,06-04-2020,893,9561
United Kingdom,05-04-2020,917,8668
United Kingdom,04-04-2020,906,7751
United Kingdom,03-04-2020,840,6845
United Kingdom,02-04-2020,805,6005
United Kingdom,01-04-2020,770,5200
United Kingdom,31-03-2020,660,4430
United Kingdom,30-03-2020,590,3770
United Kingdom,29-03-2020,507,3180
United Kingdom,28-03-2020,436,2673
United Kingdom,27-03-2020,398,2237
United Kingdom,26-03-2020,361,1839
United Kingdom,25-03-2020,303,1478
United Kingdom,24-03-2020,237,1175
United Kingdom,23-03-2020,186,938
United Kingdom,22-03-2020,165,752
United Kingdom,21-03-2020,130,587
United Kingdom,20-03-2020,109,457
United Kingdom,19-03-2020,74,348
United Kingdom,18-03-2020,68,274
United Kingdom,17-03-2020,52,206
United Kingdom,16-03-2020,46,154
United Kingdom,15-03-2020,32,108
United Kingdom,14-03-2020,22,76
United Kingdom,13-03-2020,16,54
United Kingdom,12-03-2020,13,38
United Kingdom,11-03-2020,8,25
United Kingdom,10-03-2020,3,17
United Kingdom,09-03-2020,5,14
United Kingdom,08-03-2020,3,9
United Kingdom,07-03-2020,0,6
United Kingdom,06-03-2020,0,6
United Kingdom,05-03-2020,3,6
United Kingdom,04-03-2020,0,3
United Kingdom,03-03-2020,2,3
United Kingdom,02-03-2020,1,1
United Kingdom,01-03-2020,0,
United Kingdom,29-02-2020,0,
